-2.081668171172168829e-14
-2.131628207280300558e-14
-2.131628207280300558e-14
-2.103872631664671960e-14
-2.153832667772803688e-14
-2.137179322403426340e-14
-2.237099394619690744e-14
-2.259303855112193875e-14
-2.270406085358444810e-14
-2.137179322403426340e-14
-2.231548279496564646e-14
-2.220446049250313081e-14
-2.281508315604696691e-14
-2.231548279496564646e-14
-2.048361480433413817e-14
-2.009503674571533338e-14
-1.953992523340275511e-14
-2.214894934127187298e-14
-1.970645868709652859e-14
-2.087219286295294296e-14
-1.781907954523376247e-14
-2.037259250187162567e-14
-1.815214645262130944e-14
-1.465494392505206949e-14
-1.326716514427062224e-14
-1.393329895904571616e-14
-1.160183060733288900e-14
-7.882583474838613015e-15
-1.021405182655144017e-14
-1.315614284180810500e-14
-4.551914400963141816e-15
-5.995204332975845318e-15
-6.106226635438362550e-15
-6.217248937900878204e-15
-2.442490654175344389e-15
-8.326672684688674053e-16
2.775557561562891351e-15
-1.998401444325281773e-15
5.551115123125782702e-16
-3.663735981263016583e-15
-2.131628207280300558e-14
-2.187139358511558385e-14
-2.126077092157175090e-14
-2.153832667772803688e-14
-2.192690473634684167e-14
-2.253752739989067777e-14
-2.303712776097200137e-14
-2.214894934127187614e-14
-2.153832667772803688e-14
-2.170486013142181037e-14
-2.231548279496564646e-14
-2.164934898019055254e-14
-2.220446049250313081e-14
-2.264854970235319342e-14
-2.020605904817784904e-14
-2.109423746787797427e-14
-2.109423746787797427e-14
-2.287059430727822473e-14
-1.981748098955904425e-14
-2.065014825802791165e-14
-2.003952559448407555e-14
-2.220446049250313081e-14
-1.498801083243961330e-14
-1.615374500829603082e-14
-1.360023205165816762e-14
-1.570965579844596820e-14
-8.437694987151191285e-15
-1.115774139748282481e-14
-1.360023205165816762e-14
-1.115774139748282165e-14
-5.051514762044462259e-15
-4.496403249731883989e-15
-5.773159728050814799e-15
-6.050715484207103934e-15
-1.054711873393898713e-15
8.881784197001252323e-16
-1.665334536937735008e-15
-5.551115123125783935e-17
-2.275957200481570908e-15
-4.163336342344337027e-15
-2.214894934127187298e-14
-2.231548279496564646e-14
-2.220446049250313081e-14
-2.231548279496564646e-14
-2.398081733190338127e-14
-2.292610545850948572e-14
-2.237099394619690744e-14
-2.198241588757810266e-14
-2.214894934127187298e-14
-2.248201624865942310e-14
-2.164934898019055569e-14
-2.164934898019055569e-14
-2.103872631664671960e-14
-2.176037128265307135e-14
-2.109423746787797427e-14
-2.337019466835954202e-14
-2.214894934127187298e-14
-1.859623566247137205e-14
-1.981748098955904425e-14
-2.203792703880935733e-14
-2.198241588757809950e-14
-2.353672812205331866e-14
-1.615374500829602766e-14
-1.831867990631508292e-14
-1.465494392505206633e-14
-1.620925615952728549e-14
-1.126876369994533889e-14
-1.010302952408892452e-14
-1.126876369994533889e-14
-6.050715484207103145e-15
-6.050715484207103145e-15
-6.716849298982197070e-15
-5.551115123125782702e-15
-6.383782391594650107e-15
9.992007221626408864e-16
4.440892098500626162e-16
-7.771561172376096769e-16
-1.110223024625156540e-15
-3.552713678800500929e-15
-4.440892098500626162e-16
-2.298161660974074354e-14
-2.209343819004061515e-14
-2.298161660974074354e-14
-2.126077092157174775e-14
-2.209343819004061831e-14
-2.314815006343451387e-14
-2.192690473634684167e-14
-2.242650509742816212e-14
-2.281508315604697006e-14
-2.131628207280300558e-14
-2.192690473634684167e-14
-2.303712776097200137e-14
-2.053912595556539600e-14
-2.109423746787797427e-14
-2.292610545850948256e-14
-2.048361480433413502e-14
-1.870725796493388771e-14
-2.042810365310288034e-14
-2.103872631664671960e-14
-2.259303855112193875e-14
-2.259303855112193244e-14
-2.103872631664671329e-14
-1.748601263784621551e-14
-1.887379141862766119e-14
-1.632027846198980114e-14
-1.698641227676489191e-14
-9.769962616701377556e-15
-8.493206138382447534e-15
-5.939693181744587491e-15
-6.994405055138486205e-15
-8.215650382226158399e-15
-7.160938508832259686e-15
-6.050715484207103145e-15
-5.440092820663267048e-15
8.881784197001252323e-16
-3.330669073875469621e-15
-9.992007221626408864e-16
-2.997602166487922659e-15
-1.609823385706476984e-15
-1.609823385706476984e-15
-2.092770401418420079e-14
-2.187139358511558385e-14
-2.198241588757809950e-14
-2.237099394619690429e-14
-2.342570581959080616e-14
-2.270406085358445441e-14
-2.325917236589702952e-14
-2.126077092157175090e-14
-2.153832667772804004e-14
-2.003952559448407555e-14
-2.348121697082206083e-14
-2.414735078559715791e-14
-2.048361480433413817e-14
-2.259303855112193560e-14
-2.070565940925916948e-14
-2.070565940925916948e-14
-2.009503674571533654e-14
-1.593170040337099951e-14
-2.142730437526552439e-14
-2.170486013142181037e-14
-2.231548279496564646e-14
-2.076117056049042731e-14
-1.953992523340275511e-14
-1.826316875508382825e-14
-1.826316875508382509e-14
-1.426636586643326154e-14
-9.381384558082574344e-15
-1.060262988517024496e-14
-6.938893903907228378e-15
-8.659739592076221015e-15
-8.659739592076221015e-15
-1.010302952408892452e-14
-7.605027718682322302e-15
-4.107825191113079200e-15
-4.107825191113079200e-15
-3.219646771412953967e-15
-1.998401444325281773e-15
4.163336342344337027e-15
1.665334536937734811e-15
-4.440892098500626162e-16
-2.398081733190338127e-14
-2.231548279496564646e-14
-2.287059430727822473e-14
-2.126077092157174775e-14
-2.214894934127187298e-14
-2.220446049250313396e-14
-2.220446049250313396e-14
-2.287059430727822789e-14
-2.214894934127187298e-14
-2.237099394619690429e-14
-2.414735078559715791e-14
-2.092770401418420394e-14
-2.153832667772804004e-14
-2.220446049250313396e-14
-1.915134717478395032e-14
-2.003952559448407555e-14
-1.698641227676489507e-14
-2.009503674571533654e-14
-2.009503674571533654e-14
-1.609823385706476984e-14
-1.920685832601520815e-14
-1.881828026739640336e-14
-1.881828026739640336e-14
-1.360023205165816762e-14
-1.476596622751458199e-14
-1.726396803292118420e-14
-1.115774139748282481e-14
-6.550315845288423588e-15
-1.021405182655144017e-14
-8.826273045769994496e-15
-1.010302952408892452e-14
-5.884182030513329664e-15
-4.607425552194399643e-15
-1.332267629550187849e-15
-3.774758283725532237e-15
-6.217248937900876626e-15
3.608224830031758756e-15
-5.551115123125782702e-17
1.110223024625156540e-15
-2.164934898019055254e-15
-2.386979502944086246e-14
-2.237099394619690429e-14
-2.287059430727822473e-14
-1.931788062847772380e-14
-2.065014825802791165e-14
-2.092770401418420394e-14
-2.170486013142181037e-14
-2.137179322403426340e-14
-2.287059430727822789e-14
-2.131628207280300558e-14
-1.987299214079030523e-14
-2.198241588757810266e-14
-2.381428387820961095e-14
-2.375877272697834997e-14
-2.003952559448407555e-14
-2.187139358511558385e-14
-2.065014825802791165e-14
-1.881828026739640336e-14
-1.448841047135829285e-14
-1.759703494030873432e-14
-1.881828026739640336e-14
-1.426636586643326154e-14
-1.304512053934559093e-14
-9.381384558082574344e-15
-1.676436767183986376e-14
-1.326716514427062224e-14
-7.049916206369744032e-15
-8.104628079763642745e-15
-9.381384558082572767e-15
-7.271960811294775340e-15
-8.493206138382447534e-15
-2.386979502944086562e-15
-2.386979502944086562e-15
-7.771561172376095783e-15
-7.771561172376095783e-15
-5.551115123125782702e-15
-6.106226635438360972e-16
-1.998401444325281773e-15
-3.219646771412953967e-15
-6.106226635438360972e-16
-2.142730437526552123e-14
-1.887379141862766119e-14
-2.131628207280300558e-14
-1.865174681370262988e-14
-2.053912595556539600e-14
-1.931788062847772380e-14
-2.242650509742816212e-14
-2.120525977034048992e-14
-2.353672812205331866e-14
-1.915134717478395032e-14
-2.098321516541545861e-14
-2.448041769298469856e-14
-1.959543638463401294e-14
-2.214894934127187298e-14
-2.092770401418420079e-14
-1.837419105754634074e-14
-1.837419105754634074e-14
-2.092770401418420079e-14
-1.665334536937734811e-14
-1.942890293094023946e-14
-1.326716514427062066e-14
-1.260103132949552831e-14
-9.048317650695027382e-15
-8.160139230994902150e-15
-1.176836406102665933e-14
-1.104671909502030915e-14
-9.936496070395152615e-15
-1.471045507628332416e-14
-8.382183835919931880e-15
-6.661338147750940031e-15
-2.997602166487922659e-15
-4.884981308350688778e-15
-7.494005416219808226e-15
-7.660538869913580129e-15
-5.107025913275720086e-15
-7.327471962526033167e-15
-3.830269434956790064e-15
-1.010302952408892610e-14
-3.830269434956790064e-15
-1.221245327087672194e-15
-1.881828026739640336e-14
-1.876276911616514553e-14
-2.120525977034048992e-14
-1.970645868709652859e-14
-2.242650509742816527e-14
-1.781907954523376247e-14
-2.148281552649677906e-14
-2.209343819004061831e-14
-2.065014825802791165e-14
-1.998401444325282088e-14
-2.547961841514734576e-14
-2.003952559448407555e-14
-2.314815006343451702e-14
-2.142730437526552439e-14
-1.776356839400250465e-14
-2.170486013142181037e-14
-1.926236947724646913e-14
-1.831867990631508607e-14
-1.831867990631508607e-14
-1.443289932012703503e-14
-1.199040866595169064e-14
-1.587618925213973853e-14
-1.221245327087672194e-14
-1.221245327087672194e-14
-1.093569679255779192e-14
-1.010302952408892452e-14
-1.126876369994533889e-14
-6.383782391594650107e-15
-3.941291737419305719e-15
-1.126876369994533889e-14
-2.720046410331633524e-15
-8.493206138382447534e-15
-8.493206138382447534e-15
-7.605027718682322302e-15
-5.162537064506977913e-15
-1.021405182655144017e-14
-7.771561172376095783e-15
-4.440892098500626162e-15
4.440892098500626162e-16
-5.884182030513329664e-15
-1.865174681370262988e-14
-1.626476731075854332e-14
-1.759703494030873117e-14
-1.604272270583351201e-14
-1.992850329202155990e-14
-1.276756478318930179e-14
-1.787459069646502030e-14
-1.415534356397074747e-14
-1.787459069646502030e-14
-1.698641227676489507e-14
-1.793010184769627813e-14
-1.787459069646502030e-14
-1.720845688168992638e-14
-1.731947918415244203e-14
-1.854072451124011423e-14
-1.820765760385256726e-14
-1.515454428613338678e-14
-1.787459069646502030e-14
-1.232347557333923760e-14
-1.992850329202155990e-14
-1.376676550535194110e-14
-1.232347557333923760e-14
-1.115774139748282481e-14
-1.076916333886401844e-14
-1.321165399303936283e-14
-1.443289932012703503e-14
-9.547918011776346248e-15
-7.605027718682322302e-15
-1.126876369994533889e-14
-1.093569679255779192e-14
-8.493206138382447534e-15
-1.010302952408892452e-14
-7.605027718682322302e-15
-9.048317650695025804e-15
-1.021405182655144017e-14
-6.106226635438360972e-16
-5.495603971894524875e-15
-5.662137425588298356e-15
-6.938893903907228378e-15
-7.993605777301127091e-15
-1.898481372109017684e-14
-1.387778780781445676e-14
-1.443289932012703503e-14
-1.115774139748282165e-14
-1.865174681370262988e-14
-1.354472090042690979e-14
-1.798561299892753595e-14
-1.337818744673313473e-14
-1.548761119352093374e-14
-1.293409823688307527e-14
-1.632027846198980114e-14
-1.404432126150823181e-14
-1.587618925213973853e-14
-1.426636586643326154e-14
-1.670885652060860593e-14
-1.693090112553363724e-14
-1.321165399303936283e-14
-2.187139358511558385e-14
-1.210143096841420629e-14
-1.737499033538369986e-14
-8.715250743307478842e-15
-1.665334536937734811e-14
-9.436895709313830594e-15
-1.026956297778269800e-14
-1.504352198367087112e-14
-1.437738816889578035e-14
-8.382183835919933458e-15
-8.382183835919933458e-15
-9.436895709313832171e-15
-7.160938508832259686e-15
-9.658940314238861902e-15
-1.437738816889578035e-14
-1.082467449009527785e-14
-8.493206138382447534e-15
-2.275957200481570908e-15
-7.660538869913580129e-15
-5.329070518200751394e-15
2.886579864025407400e-15
-4.385380947269368335e-15
-2.942091015256664832e-15
-1.776356839400250465e-14
-1.626476731075854647e-14
-1.820765760385257042e-14
-1.243449787580175641e-14
-1.648681191568357463e-14
-1.354472090042691137e-14
-1.726396803292118420e-14
-1.204591981718294846e-14
-1.693090112553363724e-14
-1.254552017826427048e-14
-1.382227665658319893e-14
-1.149080830487037019e-14
-1.088018564132653410e-14
-1.049160758270772931e-14
-1.659783421814609028e-14
-1.698641227676489507e-14
-1.953992523340275511e-14
-1.948441408217149728e-14
-1.398881011027697241e-14
-1.998401444325281773e-14
-1.315614284180810500e-14
-2.037259250187162252e-14
-5.773159728050814010e-15
-9.048317650695025804e-15
-7.771561172376095783e-15
-1.176836406102665933e-14
-6.938893903907227589e-15
-3.441691376337985275e-15
-5.773159728050814799e-15
-8.937295348232510150e-15
-1.515454428613338678e-14
-1.315614284180810500e-14
-7.160938508832259686e-15
-7.660538869913580129e-15
-6.328271240363393069e-15
-5.773159728050814799e-15
-9.992007221626408864e-16
1.942890293094023946e-15
-1.554312234475219354e-15
1.665334536937734811e-16
-1.237898672457049700e-14
-1.004751837285766669e-14
-1.582067810090848070e-14
-1.237898672457049700e-14
-1.482147737874583981e-14
-1.071365218763276062e-14
-1.332267629550187849e-14
-1.176836406102665933e-14
-1.487698852997709764e-14
-1.099120794378904975e-14
-1.382227665658320051e-14
-1.121325254871408106e-14
-1.176836406102665933e-14
-1.137978600240785454e-14
-1.626476731075854332e-14
-1.171285290979540308e-14
-1.232347557333923760e-14
-1.060262988517024496e-14
-1.176836406102665933e-14
-7.938094626069869264e-15
-1.221245327087672194e-14
-1.593170040337099636e-14
-6.217248937900877415e-15
-1.293409823688307370e-14
-7.882583474838613015e-15
-1.032507412901395583e-14
-6.661338147750939243e-16
-6.772360450213454897e-15
-2.942091015256664832e-15
-8.437694987151189707e-15
-7.160938508832259686e-15
-1.065814103640150437e-14
-5.884182030513329664e-15
-6.938893903907228378e-15
-1.887379141862766119e-15
-1.887379141862766119e-15
1.609823385706477181e-15
9.436895709313832566e-16
-1.665334536937735057e-16
5.828670879282071837e-15
-6.439293542825908723e-15
-1.126876369994534046e-14
-1.298960938811433310e-14
-1.149080830487037177e-14
-1.576516694967722287e-14
-1.076916333886401844e-14
-1.570965579844596505e-14
-7.660538869913580129e-15
-1.287858708565181587e-14
-1.293409823688307527e-14
-1.415534356397074747e-14
-1.004751837285766669e-14
-1.432187701766451937e-14
-1.065814103640150279e-14
-1.665334536937735126e-14
-1.509903313490213211e-14
-1.459943277382080851e-14
-1.781907954523376247e-14
-9.825473767932635383e-15
-1.421085471520200372e-14
-1.348920974919565354e-14
-1.582067810090848386e-14
-7.271960811294775340e-15
-1.554312234475218959e-15
-2.609024107869117870e-15
-6.106226635438360972e-15
-1.110223024625156540e-16
-6.217248937900875838e-15
-4.940492459581947394e-15
-9.658940314238861902e-15
-7.160938508832259686e-15
-5.995204332975845318e-15
-2.386979502944086562e-15
-3.774758283725532237e-15
3.719247132494275199e-15
-8.770761894538736669e-15
3.386180225106727448e-15
3.386180225106727448e-15
7.216449660063517513e-15
-8.326672684688674053e-16
-8.437694987151189707e-15
-4.385380947269368335e-15
-4.385380947269368335e-15
-8.215650382226158399e-15
-7.938094626069869264e-15
-8.659739592076221015e-15
-6.883382752675970551e-15
-3.996802888650563546e-15
-8.937295348232510150e-15
-2.109423746787797427e-15
-9.214851104388799286e-15
-6.883382752675970551e-15
-8.770761894538736669e-15
-4.996003610813204432e-15
-8.049116928532386496e-15
-1.443289932012703503e-15
-1.065814103640150279e-14
-1.298960938811433152e-14
-1.232347557333923760e-14
-1.298960938811433152e-14
-1.298960938811433310e-14
-9.825473767932635383e-15
-4.996003610813205221e-15
-1.043609643147647148e-14
-5.384581669432010010e-15
-3.830269434956790064e-15
-2.775557561562891351e-16
-8.881784197001252323e-15
-2.609024107869117870e-15
-3.830269434956790064e-15
1.054711873393898713e-15
-5.384581669432010010e-15
-3.053113317719180486e-15
-7.105427357601001859e-15
-6.994405055138486994e-15
-8.548717289613705361e-15
7.271960811294775340e-15
-2.386979502944086562e-15
-2.220446049250313081e-15
-1.165734175856414565e-15
-2.331468351712828735e-15
-4.884981308350688778e-15
-5.051514762044462259e-15
-5.939693181744587491e-15
-5.495603971894524875e-15
-4.773959005888173124e-15
-6.106226635438360972e-15
-7.327471962526033167e-15
-9.492406860545088421e-15
-5.329070518200751394e-15
-6.883382752675970551e-15
-2.109423746787797427e-15
-3.941291737419305719e-15
4.996003610813204432e-16
-5.662137425588298356e-15
-1.665334536937735057e-16
-4.551914400963141816e-15
1.332267629550187849e-15
-6.661338147750939243e-15
-6.383782391594650107e-15
-4.551914400963141816e-15
-1.260103132949552831e-14
-4.107825191113079988e-15
-8.992806499463767977e-15
-2.775557561562891351e-15
-1.049160758270772931e-14
-1.304512053934558935e-14
-6.938893903907228378e-15
-8.049116928532386496e-15
-4.163336342344337027e-15
1.998401444325282167e-15
-1.065814103640150437e-14
2.775557561562891351e-16
-1.343369859796439414e-14
-2.220446049250313081e-15
-3.996802888650564334e-15
7.771561172376096769e-16
-1.004751837285766827e-14
-1.110223024625156540e-16
-4.996003610813205418e-16
-5.717648576819556972e-15
-4.107825191113079200e-15
-3.497202527569243497e-15
-5.495603971894524875e-15
-4.551914400963141816e-15
-5.051514762044462259e-15
2.442490654175344389e-15
-1.720845688168992440e-15
-4.052314039881821373e-15
-4.773959005888173124e-15
-2.942091015256664832e-15
8.715250743307478842e-15
3.830269434956790064e-15
7.494005416219806648e-15
-8.326672684688675631e-15
-3.330669073875469621e-15
-8.992806499463767977e-15
6.661338147750939243e-16
-2.997602166487922659e-15
-2.720046410331633524e-15
-1.121325254871408264e-14
-1.154631945610162960e-14
-5.495603971894524875e-15
-5.162537064506977913e-15
-3.830269434956790064e-15
-8.215650382226159977e-15
3.941291737419305719e-15
-3.053113317719180486e-15
-1.720845688168992638e-15
-3.275157922644212189e-15
-8.215650382226159977e-15
-1.648681191568357463e-14
-1.415534356397074589e-14
-1.532107773982716026e-14
-4.996003610813204432e-16
-9.436895709313830594e-15
-3.386180225106727448e-15
-3.053113317719180486e-15
1.887379141862766513e-15
-5.384581669432010010e-15
-3.386180225106727448e-15
-1.004751837285766669e-14
-6.106226635438360972e-16
-4.496403249731883989e-15
2.109423746787797427e-15
4.940492459581946605e-15
3.108624468950438313e-15
3.386180225106727448e-15
2.386979502944086562e-15
5.551115123125782702e-16
1.165734175856414367e-15
1.498801083243961330e-15
-2.220446049250313081e-15
7.271960811294775340e-15
-6.827871601444713512e-15
-3.219646771412954362e-15
-6.883382752675970551e-15
1.276756478318930021e-15
-6.106226635438360972e-15
6.661338147750939243e-15
-1.293409823688307370e-14
-1.049160758270772931e-14
-4.440892098500626162e-15
-9.214851104388800863e-15
-5.384581669432010010e-15
-4.996003610813204432e-15
-2.220446049250313081e-16
-4.274358644806852681e-15
-4.440892098500626162e-16
-1.060262988517024496e-14
-9.436895709313832171e-15
-6.383782391594650107e-15
-4.052314039881821373e-15
-1.199040866595169064e-14
-4.496403249731883989e-15
-6.994405055138486994e-15
3.996802888650563546e-15
-4.662936703425658259e-15
1.665334536937735008e-15
-3.608224830031758756e-15
-4.440892098500626162e-15
-1.404432126150823339e-14
-7.160938508832261263e-15
-1.398881011027697399e-14
-1.110223024625156540e-16
-5.162537064506977913e-15
-5.828670879282071837e-15
-5.551115123125782702e-17
-2.775557561562891351e-16
1.887379141862766119e-15
2.720046410331633524e-15
1.276756478318930021e-15
4.329869796038110508e-15
9.325873406851314940e-15
2.775557561562891351e-16
3.386180225106727448e-15
-5.884182030513329664e-15
7.605027718682322302e-15
-4.718447854656915297e-15
4.329869796038110508e-15
-9.103828801926285209e-15
2.664535259100375697e-15
-3.608224830031758756e-15
-4.996003610813204432e-15
-3.663735981263017372e-15
-5.051514762044463048e-15
3.441691376337985275e-15
4.274358644806852681e-15
-2.942091015256664832e-15
-6.272760089132135242e-15
-5.051514762044463048e-15
-7.549516567451066053e-15
-6.383782391594650107e-15
-8.826273045769994496e-15
-1.387778780781445873e-15
-7.549516567451066053e-15
9.992007221626408864e-16
-1.215694211964546254e-14
-2.275957200481571302e-15
-8.881784197001252323e-15
-6.883382752675970551e-15
-7.327471962526033167e-15
-4.996003610813204432e-16
-7.549516567451064475e-15
4.107825191113079200e-15
-2.775557561562891351e-15
2.664535259100375697e-15
-3.330669073875469621e-16
2.720046410331633524e-15
8.881784197001252323e-16
2.109423746787797427e-15
3.941291737419305719e-15
-3.885780586188047891e-16
2.997602166487922659e-15
-1.110223024625156540e-16
6.661338147750940031e-15
4.218847493575594854e-15
5.606626274357040529e-15
-5.384581669432009221e-15
9.714451465470119729e-15
-4.996003610813204432e-15
9.436895709313830594e-16
2.053912595556539994e-15
4.718447854656915297e-15
-5.551115123125782702e-17
2.053912595556539600e-15
9.270362255620058690e-15
6.661338147750939243e-16
7.771561172376095783e-16
2.053912595556539600e-15
-4.440892098500626162e-16
1.665334536937735008e-15
3.330669073875469621e-16
-5.551115123125782702e-16
-4.440892098500626162e-16
-1.998401444325282167e-15
-8.881784197001252323e-16
-1.443289932012703700e-15
2.386979502944086956e-15
-3.941291737419306507e-15
