0.000000000000000000e+00
2.887338805546146760e-16
-1.312426729793702871e-16
5.249706919174812469e-16
-1.749902306391604156e-16
5.599687380453133498e-16
-3.499804612783209299e-16
2.274872998309085699e-16
-6.124658072370614548e-16
1.049941383834962593e-16
-1.749902306391604156e-16
3.149824151504887778e-16
-1.749902306391604156e-16
3.499804612783208313e-16
0.000000000000000000e+00
-3.499804612783208436e-17
5.249706919174812469e-16
1.049941383834962593e-16
-1.749902306391604156e-16
-2.799843690226566749e-16
-3.499804612783208313e-16
-6.999609225566416626e-16
-1.049941383834962297e-15
2.799843690226566749e-16
0.000000000000000000e+00
0.000000000000000000e+00
0.000000000000000000e+00
1.469917937368947531e-15
1.049941383834962494e-15
5.599687380453133498e-16
3.499804612783208313e-16
-2.099882767669925432e-16
3.499804612783208806e-16
6.999609225566417612e-16
3.499804612783208313e-16
9.099491993236342797e-16
1.049941383834962297e-15
-2.099882767669925185e-16
0.000000000000000000e+00
-1.469917937368947728e-15
0.000000000000000000e+00
3.412309497463628795e-16
4.374755765979007926e-17
5.424697149813973477e-16
8.749511531958034341e-17
5.949667841731454526e-16
-4.374755765979012363e-16
1.574912075752443889e-16
-7.874560378762219690e-16
-2.799843690226566749e-16
-6.124658072370614548e-16
3.499804612783208436e-17
-6.124658072370614548e-16
-9.449472454514662839e-16
-1.137436499154541716e-15
-5.599687380453133498e-16
-8.749511531958020782e-16
-1.119937476090626700e-15
-1.399921845113283325e-15
-1.539914029624611737e-15
-1.137436499154542702e-15
-1.679906214135940345e-15
-1.574912075752443938e-15
-1.469917937368947531e-15
-2.187377882989504801e-15
-2.659851505715238239e-15
-2.099882767669924593e-15
-2.589855413459573836e-15
-3.062329036185307668e-15
-2.029886675414260979e-15
-3.062329036185306485e-15
-2.659851505715238239e-15
-1.837397421711184759e-15
-2.029886675414260979e-15
-1.924892537030764572e-15
-1.119937476090626700e-15
-1.399921845113284311e-15
-7.699570148123059669e-16
-1.224931614474121923e-15
-2.029886675414260979e-15
1.749902306391604156e-16
5.905920284071664028e-16
4.156017977680059872e-16
7.349589686844737654e-16
8.749511531958024727e-16
1.924892537030764572e-15
1.749902306391602924e-16
6.124658072370614548e-16
-8.749511531958024480e-17
3.499804612783207327e-16
-1.749902306391604896e-16
1.399921845113282388e-16
-1.574912075752444530e-15
-1.749902306391604354e-15
-6.999609225566414654e-16
-8.399531070679702712e-16
-1.574912075752444530e-15
-5.249706919174812469e-16
-6.999609225566419584e-16
-1.539914029624611737e-15
-6.999609225566410709e-16
-8.399531070679700740e-16
-5.249706919174815428e-16
-6.999609225566420570e-16
-2.099882767669924199e-15
-2.799843690226566650e-15
-1.224931614474123501e-15
-4.899726457896493413e-16
-1.049941383834962297e-15
2.486760744192799021e-31
1.492056446515679500e-30
3.499804612783210778e-16
-9.947042976771196084e-31
-2.099882767669922227e-16
1.749902306391614264e-16
-3.499804612783205848e-16
1.749902306391591831e-16
3.499804612783210778e-16
-1.049941383834960325e-15
-5.599687380453128568e-16
3.499804612783209299e-16
1.080564674196815646e-15
7.655822590463268185e-16
2.633602971119364334e-15
1.793649864051394655e-15
1.802399375583352360e-15
2.624853459587405249e-16
6.474638533648936562e-16
8.749511531958036806e-17
1.014943337707130490e-15
3.499804612783208806e-16
9.099491993236342797e-16
-2.099882767669924988e-15
-1.889894490902932568e-15
-5.249706919174810497e-16
2.099882767669922473e-16
-3.499804612783213243e-16
-5.599687380453134484e-16
-1.574912075752444332e-15
-1.539914029624611934e-15
-8.749511531958012894e-16
2.099882767669923706e-16
3.499804612783207327e-16
-5.599687380453136456e-16
-1.399921845113281550e-15
-8.399531070679700740e-16
1.749902306391600459e-16
2.099882767669920008e-16
-3.499804612783198452e-16
-5.599687380453138428e-16
3.499804612783213243e-16
1.539914029624610948e-15
-1.749902306391631274e-16
-2.099882767669932581e-16
1.243380372096399292e-30
-8.399531070679703698e-16
-3.499804612783231979e-16
-1.609910121880276140e-15
-2.274872998309082248e-15
-2.659851505715239422e-15
3.499804612783208313e-16
6.343395860669565067e-16
1.684280969901918803e-15
1.924892537030764572e-15
8.749511531958024727e-16
1.224931614474123107e-15
1.749902306391602924e-16
1.312426729793703117e-15
6.124658072370618492e-16
1.574912075752444135e-15
1.224931614474123698e-15
1.574912075752443938e-15
-1.924892537030765755e-15
-2.974833920865727460e-15
-8.749511531958009936e-16
-5.249706919174812469e-16
-1.224931614474123698e-15
5.249706919174818386e-16
-8.749511531958024727e-16
-1.399921845113282931e-15
1.049941383834963480e-15
1.049941383834963086e-15
1.049941383834960719e-15
1.749902306391604748e-15
1.399921845113285100e-15
2.099882767669926171e-15
3.149824151504886693e-15
3.149824151504888665e-15
2.099882767669928143e-15
1.749902306391605143e-15
3.849785074061530722e-15
2.799843690226567834e-15
1.749902306391601790e-15
3.499804612783209496e-15
2.799843690226569806e-15
2.799843690226567834e-15
2.449863228948242269e-15
4.549745996618171596e-15
2.449863228948251736e-15
1.399921845113284311e-15
6.999609225566416626e-16
2.143630325329715092e-15
2.143630325329715092e-15
3.149824151504887876e-15
1.399921845113283917e-15
1.312426729793703315e-15
1.312426729793703117e-15
1.312426729793703117e-15
1.312426729793703906e-15
2.624853459587406629e-15
8.749511531958024727e-16
1.749902306391604945e-15
-2.449863228948246214e-15
-2.099882767669924988e-15
-3.499804612783197466e-16
-1.049941383834962297e-15
0.000000000000000000e+00
-3.499804612783208806e-16
-3.499804612783209891e-15
-2.799843690226566650e-15
-3.499804612783186126e-16
-6.999609225566411696e-16
6.999609225566399863e-16
1.749902306391605143e-15
1.399921845113287269e-15
1.049941383834963086e-15
2.099882767669923410e-15
3.149824151504888665e-15
2.799843690226570200e-15
3.149824151504888665e-15
4.199765535339853131e-15
5.949667841731455710e-15
5.249706919174811681e-15
5.949667841731457288e-15
5.249706919174817991e-15
4.899726457896492427e-15
4.549745996618166863e-15
3.849785074061529933e-15
3.499804612783277831e-16
3.499804612783218174e-16
1.749902306391604156e-15
2.734222353736881495e-15
2.734222353736881495e-15
4.943474015556281742e-15
1.093688941494752992e-15
9.624462685153828777e-16
1.312426729793703117e-15
2.187377882989505196e-15
3.237319266824469267e-15
4.199765535339851553e-15
1.399921845113283917e-15
3.499804612783212750e-16
-2.099882767669925777e-15
-1.924892537030764178e-15
-1.224931614474120740e-15
-1.399921845113283325e-15
0.000000000000000000e+00
8.749511531958025713e-16
-3.674794843422371095e-15
-5.599687380453134090e-15
-2.099882767669921832e-15
-1.049941383834962099e-15
-3.481465041869918367e-30
1.399921845113284311e-15
1.049941383834966438e-15
1.399921845113284311e-15
3.149824151504885510e-15
2.799843690226568228e-15
2.449863228948249763e-15
2.799843690226567834e-15
5.249706919174814836e-15
7.349589686844739035e-15
5.599687380453132512e-15
4.199765535339850764e-15
3.849785074061533089e-15
5.249706919174813258e-15
4.199765535339846820e-15
4.549745996618171596e-15
1.399921845113289439e-15
3.499804612783209496e-15
2.099882767669924988e-15
3.127950372674991641e-15
4.877852679066595797e-15
6.955861667906625733e-15
1.006193826175171207e-15
1.837397421711182787e-15
2.887338805546144886e-15
3.762289958741947359e-15
5.162211803855230684e-15
7.524579917483894717e-15
2.274872998309082642e-15
2.974833920865725488e-15
-1.924892537030766544e-15
-3.149824151504889454e-15
-6.999609225566412682e-16
5.249706919174787818e-16
1.924892537030762206e-15
6.999609225566391974e-16
-4.549745996618174751e-15
-5.249706919174814836e-15
-2.099882767669923016e-15
-1.399921845113285889e-15
-3.499804612783278324e-16
-2.984112893031359000e-30
-1.399921845113282536e-15
-2.099882767669929327e-15
1.399921845113274648e-15
3.499804612783174293e-16
-6.999609225566412682e-16
6.999609225566377183e-16
2.449863228948243453e-15
2.799843690226563889e-15
-7.957634381416956867e-30
1.049941383834959536e-15
3.499804612783203383e-16
-2.486760744192799284e-30
-6.465577934901278068e-30
-6.999609225566423528e-16
-3.149824151504885115e-15
-6.999609225566423528e-16
1.399921845113283325e-15
1.028067605005067442e-15
5.227833140344917418e-15
5.249706919174812469e-15
3.499804612783209792e-16
2.449863228948246214e-15
2.449863228948245819e-15
2.274872998309085798e-15
5.074716688535655209e-15
6.474638533648936168e-15
1.574912075752444530e-15
1.924892537030765755e-15
-2.274872998309086587e-15
-1.399921845113282339e-15
6.999609225566447194e-16
-1.224931614474122515e-15
1.749902306391604403e-16
-3.499804612783193522e-16
-4.549745996618173173e-15
-3.849785074061528355e-15
3.499804612783258110e-16
-3.149824151504887087e-15
1.749902306391600212e-15
1.749902306391605143e-15
-1.749902306391596268e-15
-6.999609225566407751e-16
1.399921845113279381e-15
2.799843690226568228e-15
2.799843690226571384e-15
6.999609225566425501e-16
3.499804612783210285e-15
1.049941383834963086e-15
1.049941383834959536e-15
2.099882767669925382e-15
3.481465041869918367e-30
-1.049941383834962297e-15
-3.499804612783230993e-16
1.399921845113284114e-15
2.486760744192798933e-30
-1.399921845113283325e-15
6.999609225566416626e-16
2.493610786608035923e-15
4.593493554277960911e-15
4.987221573216071846e-15
2.187377882989505984e-15
7.349589686844737457e-15
2.449863228948245819e-15
4.637241111937751015e-15
8.137045724720962483e-15
7.874560378762220282e-15
2.274872998309086587e-15
4.199765535339851553e-15
-2.099882767669926171e-15
-2.624853459587405051e-15
-5.249706919174768096e-16
-5.249706919174802609e-16
1.749902306391604403e-16
-6.999609225566402821e-16
-4.899726457896494794e-15
-8.749511531958019205e-15
-5.249706919174804581e-15
-4.549745996618170018e-15
3.499804612783169363e-16
3.499804612783218667e-16
-1.049941383834955591e-15
-6.999609225566407751e-16
6.999609225566377183e-16
3.149824151504888665e-15
3.499804612783258110e-16
3.499804612783218174e-16
2.449863228948249369e-15
3.499804612783209496e-15
2.799843690226566256e-15
3.499804612783209102e-15
6.999609225566447194e-16
4.549745996618171596e-15
5.249706919174812469e-15
6.299648303009777330e-15
4.199765535339852342e-15
4.199765535339850764e-15
1.399921845113283325e-15
3.631047285762577836e-15
3.631047285762577836e-15
4.156017977680058294e-15
6.955861667906625733e-15
9.624462685153821283e-15
4.024775304700685616e-15
6.124658072370611392e-15
6.824618994927253844e-15
8.749511531958017627e-15
3.849785074061525989e-15
3.324814382144043953e-15
-2.274872998309090531e-15
-2.624853459587411362e-15
1.749902306391604403e-16
5.249706919174763166e-16
-1.749902306391663814e-16
-3.849785074061533089e-15
-9.449472454514668756e-15
-1.294927706729787549e-14
-5.949667841731450188e-15
-9.799452915792984854e-15
-2.799843690226577694e-15
-3.849785074061532300e-15
-3.149824151504885115e-15
-1.749902306391606129e-15
3.499804612783159009e-16
3.499804612783189084e-16
-3.149824151504885115e-15
-2.099882767669927354e-15
1.399921845113282142e-15
-3.499804612783224090e-16
1.049941383834960127e-15
2.099882767669923016e-15
0.000000000000000000e+00
-3.499804612783205355e-16
-3.499804612783205848e-16
2.799843690226565862e-15
-6.999609225566409723e-16
-6.999609225566437334e-16
2.799843690226567045e-15
2.362368113628667978e-15
3.762289958741950514e-15
8.924501762597184354e-15
8.224540840040541113e-15
1.014943337707130569e-14
4.549745996618173173e-15
7.962055494081803645e-15
7.962055494081803645e-15
1.032442360771046926e-14
1.924892537030768516e-15
3.674794843422373462e-15
-4.724736227257329645e-15
-4.724736227257325700e-15
-5.249706919174712876e-16
-3.499804612783148655e-16
-3.149824151504883143e-15
-4.024775304700682460e-15
-1.102438453026710303e-14
-1.364923798985450453e-14
-7.349589686844720102e-15
-9.099491993236338458e-15
-3.499804612783213046e-15
-1.749902306391602776e-15
-3.149824151504882354e-15
-5.599687380453131723e-15
-6.999609225566423528e-16
1.399921845113285692e-15
-2.799843690226560339e-15
-4.199765535339846820e-15
4.973521488385598568e-30
2.449863228948248975e-15
1.749902306391606523e-15
3.499804612783209496e-15
6.999609225566427473e-16
3.499804612783233458e-16
3.149824151504891820e-15
6.299648303009777330e-15
-1.399921845113278986e-15
1.399921845113284508e-15
0.000000000000000000e+00
6.780871437267461176e-16
7.677696369293163237e-15
9.886948031112563484e-15
8.487026185999280159e-15
1.084939429962794577e-14
5.949667841731450188e-15
6.387143418329354382e-15
7.787065263442638496e-15
9.274482223875500452e-15
1.574912075752441966e-15
1.924892537030761811e-15
-6.474638533648941690e-15
-5.949667841731457288e-15
-2.449863228948243847e-15
-3.499804612783243319e-16
-6.649628764288102894e-15
-7.349589686844742190e-15
-1.434919891241116355e-14
-1.364923798985451873e-14
-6.649628764288091061e-15
-7.699570148123063022e-15
2.099882767669915127e-15
-1.399921845113287269e-15
-2.799843690226563889e-15
-3.499804612783212257e-15
2.799843690226561128e-15
1.049941383834960719e-15
-4.549745996618166863e-15
-4.899726457896492427e-15
0.000000000000000000e+00
-1.399921845113283128e-15
1.399921845113286875e-15
6.999609225566423528e-16
-2.799843690226564284e-15
-2.799843690226566256e-15
3.499804612783215413e-15
4.899726457896494794e-15
-2.099882767669923016e-15
6.216901860481998209e-31
0.000000000000000000e+00
-1.071815162664859124e-15
8.027676830571482490e-15
8.793259089617812464e-15
9.493220012174454127e-15
1.198683079878248847e-14
5.687182495772712720e-15
9.886948031112568217e-15
9.186987108555926555e-15
9.099491993236346347e-15
1.399921845113286875e-15
3.674794843422373462e-15
-5.424697149813971307e-15
-3.674794843422363207e-15
5.249706919174921924e-16
8.749511531958101641e-16
-6.824618994927251477e-15
-6.649628764288091061e-15
-1.574912075752443741e-14
-1.469917937368947491e-14
-1.119937476090625082e-14
-1.154935522218458743e-14
-4.549745996618177118e-15
-1.399921845113279775e-15
-4.899726457896481383e-15
-5.599687380453130145e-15
6.999609225566423528e-16
-3.499804612783203383e-16
-4.549745996618166863e-15
-5.599687380453135667e-15
-1.399921845113283917e-15
-3.499804612783213736e-16
1.049941383834963677e-15
1.749902306391602776e-15
-3.149824151504887087e-15
-5.599687380453140401e-15
2.099882767669928143e-15
2.799843690226561128e-15
-4.199765535339857864e-15
-4.199765535339862597e-15
-6.999609225566416626e-16
2.340494334798770559e-15
8.640142637808545523e-15
7.043356783226206730e-15
1.054316139600941662e-14
1.146186010686500722e-14
6.562133648968513220e-15
8.487026185999280159e-15
5.687182495772715086e-15
7.524579917483896295e-15
1.924892537030762206e-15
3.674794843422366362e-15
-6.124658072370618492e-15
-3.149824151504890637e-15
-2.449863228948243847e-15
5.249706919174774012e-16
-7.174599456205583352e-15
-7.524579917483902606e-15
-1.312426729793703906e-14
-1.259929660601955466e-14
-9.799452915792975388e-15
-9.799452915792989587e-15
1.399921845113270703e-15
1.749902306391600804e-15
-4.549745996618166863e-15
-1.399921845113285889e-15
1.399921845113278986e-15
-3.499804612783211764e-16
-5.249706919174807736e-15
-4.899726457896492427e-15
-6.999609225566410709e-16
-3.849785074061529144e-15
1.749902306391607706e-15
2.099882767669927354e-15
-3.499804612783205552e-15
-2.449863228948243453e-15
3.849785074061542555e-15
1.399921845113288453e-15
-2.099882767669923016e-15
-6.999609225566368308e-16
1.399921845113283325e-15
5.468444707473764961e-16
6.146531851200509600e-15
6.999609225566418204e-15
1.049941383834962652e-14
9.799452915792983276e-15
8.399531070679696796e-15
5.949667841731452554e-15
6.649628764288095006e-15
1.172434545282374785e-14
1.224931614474121923e-15
4.899726457896490849e-15
-5.599687380453135667e-15
-5.249706919174816414e-15
-1.049941383834962099e-15
5.599687380453132512e-15
-1.049941383834962967e-14
-8.924501762597185931e-15
-1.312426729793703906e-14
-1.434919891241115724e-14
-1.084939429962793473e-14
-1.084939429962794893e-14
-3.499804612783267971e-16
-1.049941383834963677e-15
-3.849785074061525989e-15
-7.349589686844739035e-15
-1.049941383834965058e-15
1.399921845113281353e-15
-3.499804612783205552e-15
6.999609225566404793e-16
-2.799843690226563889e-15
-4.899726457896490060e-15
6.999609225566491568e-16
-2.099882767669919071e-15
-6.999609225566411104e-15
-8.399531070679695218e-15
1.492056446515679360e-29
-2.799843690226559156e-15
-4.899726457896487694e-15
-3.499804612783200424e-15
0.000000000000000000e+00
2.056135210010134095e-15
6.255900745349984859e-15
3.281066824484258977e-15
8.880754204937394250e-15
9.536967569834242653e-15
2.537358344267824055e-15
1.312426729793701145e-15
8.312035955360119743e-15
8.924501762597178043e-15
5.249706919174787818e-16
3.849785074061529933e-15
-8.749511531958022360e-15
-7.699570148123056711e-15
4.899726457896492427e-15
4.724736227257338322e-15
-9.274482223875498874e-15
-3.324814382144042375e-15
-1.592411098816359782e-14
-1.504915983496778943e-14
-9.449472454514646668e-15
-8.749511531958014472e-15
1.049941383834964072e-15
3.499804612783268464e-16
-3.849785074061515734e-15
-3.499804612783205552e-15
6.999609225566423528e-16
-2.099882767669924199e-15
-6.999609225566394932e-16
-3.499804612783213736e-16
-3.149824151504885904e-15
-6.299648303009778119e-15
2.099882767669927354e-15
1.749902306391601395e-15
-5.249706919174813258e-15
-6.999609225566424515e-15
0.000000000000000000e+00
-6.999609225566476777e-16
6.999609225566297311e-16
-1.399921845113293383e-15
2.799843690226566650e-15
1.093688941494765047e-16
1.509290739262759965e-15
2.012387652350348330e-15
6.212153187690200278e-15
6.212153187690197122e-15
6.124658072370623422e-16
2.274872998309088559e-15
7.874560378762223437e-15
1.749902306391603959e-15
3.149824151504887482e-15
2.449863228948245030e-15
-8.749511531958023938e-15
-5.249706919174815625e-15
3.149824151504885115e-15
5.774677611092292928e-15
-5.424697149813976829e-15
-6.999609225566447194e-16
-1.609910121880276771e-14
-1.084939429962795050e-14
-6.649628764288088695e-15
-5.949667841731461232e-15
2.449863228948233986e-15
3.499804612783205552e-15
-2.099882767669923016e-15
-2.799843690226570595e-15
1.399921845113275634e-15
1.049941383834960719e-15
2.449863228948243847e-15
3.499804612783218667e-16
-5.249706919174807736e-15
-2.799843690226566256e-15
2.799843690226573750e-15
-1.049941383834960719e-15
-3.849785074061525989e-15
-4.549745996618167651e-15
1.049941383834971566e-15
-1.399921845113278592e-15
0.000000000000000000e+00
-6.999609225566347601e-16
1.399921845113283522e-15
-2.931086363205939329e-15
4.068522862360476508e-15
5.687182495772686885e-16
6.168405630030403863e-15
4.724736227257327278e-15
1.924892537030757867e-15
1.137436499154542307e-15
1.137436499154542702e-15
1.749902306391604748e-15
1.749902306391605143e-15
5.249706919174818386e-16
-7.874560378762220282e-15
-2.449863228948247002e-15
1.749902306391600212e-15
1.049941383834964269e-15
-3.149824151504887087e-15
6.999609225566476777e-16
-1.189933568346290669e-14
-4.549745996618166074e-15
-8.749511531958003428e-15
-1.399921845113277409e-15
4.199765535339854709e-15
1.399921845113290425e-15
-1.399921845113269717e-15
1.399921845113287269e-15
1.399921845113285100e-15
2.449863228948248975e-15
3.849785074061531511e-15
2.099882767669928538e-15
6.999609225566459027e-16
1.989408595354239217e-30
2.799843690226570200e-15
2.099882767669926171e-15
-6.999609225566394932e-16
-2.449863228948247791e-15
3.149824151504891820e-15
-1.399921845113288256e-15
2.799843690226554817e-15
-6.999609225566486637e-16
-1.399921845113283325e-15
6.780871437267473009e-16
2.078008988840030330e-15
-8.749511531957896290e-17
6.912114110246839574e-15
1.574912075752443544e-15
1.574912075752442952e-15
1.312426729793703117e-15
1.312426729793703315e-15
1.399921845113283325e-15
0.000000000000000000e+00
1.924892537030764178e-15
-8.749511531958028671e-16
2.274872998309084615e-15
8.749511531958013880e-16
4.199765535339847609e-15
-1.399921845113287072e-15
2.799843690226565862e-15
-6.999609225566418993e-15
3.499804612783206735e-15
-3.499804612783205552e-15
2.799843690226566256e-15
-2.799843690226573750e-15
1.749902306391603959e-15
-1.049941383834961508e-15
1.749902306391603959e-15
3.499804612783205848e-16
-6.999609225566397891e-16
-2.099882767669923016e-15
-3.499804612783194015e-16
-3.149824151504885115e-15
-3.499804612783194015e-16
-3.499804612783174293e-16
1.243380372096399642e-30
-2.799843690226564284e-15
-1.049941383834960522e-15
3.499804612783267971e-16
1.243380372096399642e-30
2.799843690226563889e-15
1.243380372096399642e-30
