1.153590668080582970e+00
1.153590668080582526e+00
1.153590668080582526e+00
1.153590668080583415e+00
1.153590668080583415e+00
1.153590668080584969e+00
1.153590668080584525e+00
1.153590668080585635e+00
1.153590668080585635e+00
1.153590668080585635e+00
1.153590668080585413e+00
1.153590668080585635e+00
1.153590668080585413e+00
1.153590668080585413e+00
1.153590668080586079e+00
1.153590668080583637e+00
1.153590668080583637e+00
1.153590668080582304e+00
1.153590668080583193e+00
1.153590668080581860e+00
1.153590668080583193e+00
1.153590668080581860e+00
1.153590668080582526e+00
1.153590668080583415e+00
1.153590668080584303e+00
1.153590668080582748e+00
1.153590668080583859e+00
1.153590668080585191e+00
1.153590668080584303e+00
1.153590668080582304e+00
1.153590668080585857e+00
1.153590668080582526e+00
1.153590668080582526e+00
1.153590668080582304e+00
1.153590668080583859e+00
1.153590668080583193e+00
1.153590668080584303e+00
1.153590668080580084e+00
1.153590668080581638e+00
1.153590668080576309e+00
1.153590668080582526e+00
1.153590668080582970e+00
1.153590668080582970e+00
1.153590668080583637e+00
1.153590668080583637e+00
1.153590668080584969e+00
1.153590668080584747e+00
1.153590668080585191e+00
1.153590668080585413e+00
1.153590668080585635e+00
1.153590668080585413e+00
1.153590668080585857e+00
1.153590668080585635e+00
1.153590668080582082e+00
1.153590668080583193e+00
1.153590668080584747e+00
1.153590668080584747e+00
1.153590668080582748e+00
1.153590668080584081e+00
1.153590668080582304e+00
1.153590668080582526e+00
1.153590668080579640e+00
1.153590668080582748e+00
1.153590668080582526e+00
1.153590668080583415e+00
1.153590668080580972e+00
1.153590668080584081e+00
1.153590668080582304e+00
1.153590668080581194e+00
1.153590668080582082e+00
1.153590668080584747e+00
1.153590668080583637e+00
1.153590668080583193e+00
1.153590668080580084e+00
1.153590668080582526e+00
1.153590668080582304e+00
1.153590668080580972e+00
1.153590668080580084e+00
1.153590668080579418e+00
1.153590668080575199e+00
1.153590668080582304e+00
1.153590668080582526e+00
1.153590668080582748e+00
1.153590668080582526e+00
1.153590668080582082e+00
1.153590668080584525e+00
1.153590668080584525e+00
1.153590668080584525e+00
1.153590668080584969e+00
1.153590668080585857e+00
1.153590668080586079e+00
1.153590668080586079e+00
1.153590668080586301e+00
1.153590668080584525e+00
1.153590668080584747e+00
1.153590668080584081e+00
1.153590668080584969e+00
1.153590668080585191e+00
1.153590668080584525e+00
1.153590668080580528e+00
1.153590668080580084e+00
1.153590668080578974e+00
1.153590668080582304e+00
1.153590668080581860e+00
1.153590668080583415e+00
1.153590668080579862e+00
1.153590668080581860e+00
1.153590668080582304e+00
1.153590668080581860e+00
1.153590668080580084e+00
1.153590668080580084e+00
1.153590668080580972e+00
1.153590668080581416e+00
1.153590668080579418e+00
1.153590668080582526e+00
1.153590668080578752e+00
1.153590668080578308e+00
1.153590668080577641e+00
1.153590668080576531e+00
1.153590668080574533e+00
1.153590668080581194e+00
1.153590668080581416e+00
1.153590668080581194e+00
1.153590668080586301e+00
1.153590668080586079e+00
1.153590668080584525e+00
1.153590668080585191e+00
1.153590668080584969e+00
1.153590668080584747e+00
1.153590668080585413e+00
1.153590668080585413e+00
1.153590668080586079e+00
1.153590668080587189e+00
1.153590668080586079e+00
1.153590668080584969e+00
1.153590668080583637e+00
1.153590668080584525e+00
1.153590668080582970e+00
1.153590668080582526e+00
1.153590668080581416e+00
1.153590668080581194e+00
1.153590668080582526e+00
1.153590668080584081e+00
1.153590668080578308e+00
1.153590668080579418e+00
1.153590668080580084e+00
1.153590668080583415e+00
1.153590668080579196e+00
1.153590668080580528e+00
1.153590668080577641e+00
1.153590668080577419e+00
1.153590668080579862e+00
1.153590668080580306e+00
1.153590668080577197e+00
1.153590668080579862e+00
1.153590668080576975e+00
1.153590668080578086e+00
1.153590668080571202e+00
1.153590668080571868e+00
1.153590668080567205e+00
1.153590668080584081e+00
1.153590668080584747e+00
1.153590668080584525e+00
1.153590668080584525e+00
1.153590668080584303e+00
1.153590668080583637e+00
1.153590668080583193e+00
1.153590668080584969e+00
1.153590668080585191e+00
1.153590668080586745e+00
1.153590668080585191e+00
1.153590668080585857e+00
1.153590668080587633e+00
1.153590668080582748e+00
1.153590668080583193e+00
1.153590668080583193e+00
1.153590668080583637e+00
1.153590668080586745e+00
1.153590668080584303e+00
1.153590668080580306e+00
1.153590668080579640e+00
1.153590668080576087e+00
1.153590668080576531e+00
1.153590668080577197e+00
1.153590668080577197e+00
1.153590668080574977e+00
1.153590668080576975e+00
1.153590668080576531e+00
1.153590668080578086e+00
1.153590668080576309e+00
1.153590668080576309e+00
1.153590668080570758e+00
1.153590668080571646e+00
1.153590668080575199e+00
1.153590668080575199e+00
1.153590668080572756e+00
1.153590668080573201e+00
1.153590668080575865e+00
1.153590668080574755e+00
1.153590668080569870e+00
1.153590668080579862e+00
1.153590668080583637e+00
1.153590668080583193e+00
1.153590668080584969e+00
1.153590668080584969e+00
1.153590668080582748e+00
1.153590668080582970e+00
1.153590668080581416e+00
1.153590668080581860e+00
1.153590668080586745e+00
1.153590668080585857e+00
1.153590668080585191e+00
1.153590668080585191e+00
1.153590668080585857e+00
1.153590668080586967e+00
1.153590668080582526e+00
1.153590668080584303e+00
1.153590668080583637e+00
1.153590668080583637e+00
1.153590668080581416e+00
1.153590668080579862e+00
1.153590668080576087e+00
1.153590668080576087e+00
1.153590668080574311e+00
1.153590668080573867e+00
1.153590668080572756e+00
1.153590668080575199e+00
1.153590668080574311e+00
1.153590668080572756e+00
1.153590668080571202e+00
1.153590668080570758e+00
1.153590668080573645e+00
1.153590668080574089e+00
1.153590668080572534e+00
1.153590668080571424e+00
1.153590668080570314e+00
1.153590668080574755e+00
1.153590668080572978e+00
1.153590668080573645e+00
1.153590668080575199e+00
1.153590668080579862e+00
1.153590668080581416e+00
1.153590668080581194e+00
1.153590668080586745e+00
1.153590668080586745e+00
1.153590668080584303e+00
1.153590668080583859e+00
1.153590668080586079e+00
1.153590668080585413e+00
1.153590668080587411e+00
1.153590668080587633e+00
1.153590668080582748e+00
1.153590668080582082e+00
1.153590668080581194e+00
1.153590668080582526e+00
1.153590668080581638e+00
1.153590668080582748e+00
1.153590668080583415e+00
1.153590668080585191e+00
1.153590668080576753e+00
1.153590668080576087e+00
1.153590668080574977e+00
1.153590668080575421e+00
1.153590668080576975e+00
1.153590668080573867e+00
1.153590668080570314e+00
1.153590668080572978e+00
1.153590668080570536e+00
1.153590668080570092e+00
1.153590668080567871e+00
1.153590668080567427e+00
1.153590668080570092e+00
1.153590668080570092e+00
1.153590668080566761e+00
1.153590668080566761e+00
1.153590668080569870e+00
1.153590668080571868e+00
1.153590668080573201e+00
1.153590668080572756e+00
1.153590668080578752e+00
1.153590668080583637e+00
1.153590668080582748e+00
1.153590668080581860e+00
1.153590668080585857e+00
1.153590668080584969e+00
1.153590668080584525e+00
1.153590668080583193e+00
1.153590668080582748e+00
1.153590668080581860e+00
1.153590668080585635e+00
1.153590668080584969e+00
1.153590668080588300e+00
1.153590668080590520e+00
1.153590668080583415e+00
1.153590668080584303e+00
1.153590668080584303e+00
1.153590668080584081e+00
1.153590668080576975e+00
1.153590668080578752e+00
1.153590668080574533e+00
1.153590668080577197e+00
1.153590668080576531e+00
1.153590668080577863e+00
1.153590668080575643e+00
1.153590668080573867e+00
1.153590668080566095e+00
1.153590668080566761e+00
1.153590668080562764e+00
1.153590668080565207e+00
1.153590668080567205e+00
1.153590668080568538e+00
1.153590668080568760e+00
1.153590668080567649e+00
1.153590668080569648e+00
1.153590668080570758e+00
1.153590668080567649e+00
1.153590668080569204e+00
1.153590668080568538e+00
1.153590668080571202e+00
1.153590668080577419e+00
1.153590668080582970e+00
1.153590668080580972e+00
1.153590668080580084e+00
1.153590668080578752e+00
1.153590668080577863e+00
1.153590668080583637e+00
1.153590668080581860e+00
1.153590668080581638e+00
1.153590668080582748e+00
1.153590668080588966e+00
1.153590668080586301e+00
1.153590668080582748e+00
1.153590668080581416e+00
1.153590668080584303e+00
1.153590668080585413e+00
1.153590668080579862e+00
1.153590668080581194e+00
1.153590668080577419e+00
1.153590668080577419e+00
1.153590668080577197e+00
1.153590668080577863e+00
1.153590668080564319e+00
1.153590668080565873e+00
1.153590668080565873e+00
1.153590668080566317e+00
1.153590668080570758e+00
1.153590668080570314e+00
1.153590668080572312e+00
1.153590668080573423e+00
1.153590668080570314e+00
1.153590668080573867e+00
1.153590668080567427e+00
1.153590668080567427e+00
1.153590668080571646e+00
1.153590668080572756e+00
1.153590668080572756e+00
1.153590668080573867e+00
1.153590668080579196e+00
1.153590668080581194e+00
1.153590668080580528e+00
1.153590668080581194e+00
1.153590668080584081e+00
1.153590668080583637e+00
1.153590668080580084e+00
1.153590668080578752e+00
1.153590668080593851e+00
1.153590668080591630e+00
1.153590668080594961e+00
1.153590668080593851e+00
1.153590668080588300e+00
1.153590668080587633e+00
1.153590668080593851e+00
1.153590668080593851e+00
1.153590668080587855e+00
1.153590668080587189e+00
1.153590668080583193e+00
1.153590668080585191e+00
1.153590668080579640e+00
1.153590668080581860e+00
1.153590668080566761e+00
1.153590668080569204e+00
1.153590668080567871e+00
1.153590668080568316e+00
1.153590668080564541e+00
1.153590668080563431e+00
1.153590668080562986e+00
1.153590668080564985e+00
1.153590668080571646e+00
1.153590668080570314e+00
1.153590668080566317e+00
1.153590668080567427e+00
1.153590668080570758e+00
1.153590668080571646e+00
1.153590668080573201e+00
1.153590668080572756e+00
1.153590668080578752e+00
1.153590668080576753e+00
1.153590668080578752e+00
1.153590668080578086e+00
1.153590668080575643e+00
1.153590668080577863e+00
1.153590668080584081e+00
1.153590668080583637e+00
1.153590668080583193e+00
1.153590668080579862e+00
1.153590668080588078e+00
1.153590668080586301e+00
1.153590668080592074e+00
1.153590668080591186e+00
1.153590668080598292e+00
1.153590668080596959e+00
1.153590668080591852e+00
1.153590668080591186e+00
1.153590668080587855e+00
1.153590668080586745e+00
1.153590668080588966e+00
1.153590668080590298e+00
1.153590668080580528e+00
1.153590668080584747e+00
1.153590668080572534e+00
1.153590668080576309e+00
1.153590668080564763e+00
1.153590668080567871e+00
1.153590668080563653e+00
1.153590668080561432e+00
1.153590668080567649e+00
1.153590668080570314e+00
1.153590668080570314e+00
1.153590668080569870e+00
1.153590668080572756e+00
1.153590668080571646e+00
1.153590668080567649e+00
1.153590668080569204e+00
1.153590668080572312e+00
1.153590668080574755e+00
1.153590668080578752e+00
1.153590668080579640e+00
1.153590668080587411e+00
1.153590668080584303e+00
1.153590668080582748e+00
1.153590668080574755e+00
1.153590668080567427e+00
1.153590668080566539e+00
1.153590668080583193e+00
1.153590668080581194e+00
1.153590668080584525e+00
1.153590668080583193e+00
1.153590668080591186e+00
1.153590668080588966e+00
1.153590668080592962e+00
1.153590668080592518e+00
1.153590668080595405e+00
1.153590668080595627e+00
1.153590668080591852e+00
1.153590668080589410e+00
1.153590668080587411e+00
1.153590668080585857e+00
1.153590668080577863e+00
1.153590668080580306e+00
1.153590668080569870e+00
1.153590668080573201e+00
1.153590668080567649e+00
1.153590668080573867e+00
1.153590668080582304e+00
1.153590668080583415e+00
1.153590668080571646e+00
1.153590668080573423e+00
1.153590668080576975e+00
1.153590668080576309e+00
1.153590668080568538e+00
1.153590668080566095e+00
1.153590668080573201e+00
1.153590668080575199e+00
1.153590668080580972e+00
1.153590668080581860e+00
1.153590668080576309e+00
1.153590668080577863e+00
1.153590668080587189e+00
1.153590668080585857e+00
1.153590668080594739e+00
1.153590668080576531e+00
1.153590668080577641e+00
1.153590668080575199e+00
1.153590668080582526e+00
1.153590668080581416e+00
1.153590668080589410e+00
1.153590668080588078e+00
1.153590668080588744e+00
1.153590668080587633e+00
1.153590668080591186e+00
1.153590668080590076e+00
1.153590668080588966e+00
1.153590668080588966e+00
1.153590668080591186e+00
1.153590668080588966e+00
1.153590668080594961e+00
1.153590668080594739e+00
1.153590668080589410e+00
1.153590668080588966e+00
1.153590668080588522e+00
1.153590668080586745e+00
1.153590668080584969e+00
1.153590668080589188e+00
1.153590668080578308e+00
1.153590668080580528e+00
1.153590668080579418e+00
1.153590668080583637e+00
1.153590668080581194e+00
1.153590668080582748e+00
1.153590668080586301e+00
1.153590668080586745e+00
1.153590668080583415e+00
1.153590668080585413e+00
1.153590668080582970e+00
1.153590668080585191e+00
1.153590668080585191e+00
1.153590668080586745e+00
1.153590668080594517e+00
1.153590668080593851e+00
1.153590668080598514e+00
1.153590668080585635e+00
1.153590668080581638e+00
1.153590668080580972e+00
1.153590668080579418e+00
1.153590668080577419e+00
1.153590668080581638e+00
1.153590668080579640e+00
1.153590668080589188e+00
1.153590668080586745e+00
1.153590668080582748e+00
1.153590668080582304e+00
1.153590668080585857e+00
1.153590668080584081e+00
1.153590668080585635e+00
1.153590668080583415e+00
1.153590668080580306e+00
1.153590668080580084e+00
1.153590668080580750e+00
1.153590668080584081e+00
1.153590668080590298e+00
1.153590668080590742e+00
1.153590668080587633e+00
1.153590668080591186e+00
1.153590668080597625e+00
1.153590668080597403e+00
1.153590668080593851e+00
1.153590668080596293e+00
1.153590668080593629e+00
1.153590668080594517e+00
1.153590668080590520e+00
1.153590668080591408e+00
1.153590668080592296e+00
1.153590668080593185e+00
1.153590668080594739e+00
1.153590668080598070e+00
1.153590668080594739e+00
1.153590668080599846e+00
1.153590668080599846e+00
1.153590668080601844e+00
1.153590668080606063e+00
1.153590668080588300e+00
1.153590668080596071e+00
1.153590668080596071e+00
1.153590668080588300e+00
1.153590668080588522e+00
1.153590668080590298e+00
1.153590668080590964e+00
1.153590668080594295e+00
1.153590668080592074e+00
1.153590668080590964e+00
1.153590668080587855e+00
1.153590668080590964e+00
1.153590668080590076e+00
1.153590668080597847e+00
1.153590668080596515e+00
1.153590668080601178e+00
1.153590668080597403e+00
1.153590668080594295e+00
1.153590668080594739e+00
1.153590668080594295e+00
1.153590668080594517e+00
1.153590668080587633e+00
1.153590668080589854e+00
1.153590668080593407e+00
1.153590668080595627e+00
1.153590668080606507e+00
1.153590668080608062e+00
1.153590668080604065e+00
1.153590668080606729e+00
1.153590668080606507e+00
1.153590668080608284e+00
1.153590668080595627e+00
1.153590668080596515e+00
1.153590668080598736e+00
1.153590668080598736e+00
1.153590668080602510e+00
1.153590668080608950e+00
1.153590668080602955e+00
1.153590668080602955e+00
1.153590668080605619e+00
1.153590668080600956e+00
1.153590668080595849e+00
1.153590668080595627e+00
1.153590668080597403e+00
1.153590668080597625e+00
1.153590668080589854e+00
1.153590668080589188e+00
1.153590668080574533e+00
1.153590668080573867e+00
1.153590668080591630e+00
1.153590668080590964e+00
1.153590668080600956e+00
1.153590668080600068e+00
1.153590668080594073e+00
1.153590668080591408e+00
1.153590668080615833e+00
1.153590668080614057e+00
1.153590668080612502e+00
1.153590668080608950e+00
1.153590668080599180e+00
1.153590668080600068e+00
1.153590668080604509e+00
1.153590668080608062e+00
1.153590668080606063e+00
1.153590668080608728e+00
1.153590668080595405e+00
1.153590668080594517e+00
1.153590668080596959e+00
1.153590668080596515e+00
1.153590668080610060e+00
1.153590668080612724e+00
1.153590668080611392e+00
1.153590668080616055e+00
1.153590668080612058e+00
1.153590668080616943e+00
1.153590668080608284e+00
1.153590668080610504e+00
1.153590668080603621e+00
1.153590668080608062e+00
1.153590668080611614e+00
1.153590668080593851e+00
1.153590668080602955e+00
1.153590668080602955e+00
1.153590668080589854e+00
1.153590668080590298e+00
1.153590668080594073e+00
1.153590668080597403e+00
1.153590668080595627e+00
1.153590668080594517e+00
1.153590668080598292e+00
1.153590668080598958e+00
1.153590668080604065e+00
1.153590668080601844e+00
1.153590668080603621e+00
1.153590668080596959e+00
1.153590668080591408e+00
1.153590668080588522e+00
1.153590668080608506e+00
1.153590668080607173e+00
1.153590668080611170e+00
1.153590668080607617e+00
1.153590668080611614e+00
1.153590668080613835e+00
1.153590668080610060e+00
1.153590668080610726e+00
1.153590668080616943e+00
1.153590668080622050e+00
1.153590668080614945e+00
1.153590668080615611e+00
1.153590668080619164e+00
1.153590668080616943e+00
1.153590668080609616e+00
1.153590668080610282e+00
1.153590668080609838e+00
1.153590668080616277e+00
1.153590668080616721e+00
1.153590668080618720e+00
1.153590668080614945e+00
1.153590668080617609e+00
1.153590668080614501e+00
1.153590668080604509e+00
1.153590668080597625e+00
1.153590668080601622e+00
1.153590668080608062e+00
1.153590668080610726e+00
1.153590668080608062e+00
1.153590668080607173e+00
1.153590668080615389e+00
1.153590668080614945e+00
1.153590668080586301e+00
1.153590668080586523e+00
1.153590668080582526e+00
1.153590668080580972e+00
1.153590668080588966e+00
1.153590668080582970e+00
1.153590668080592518e+00
1.153590668080590964e+00
1.153590668080606507e+00
1.153590668080603399e+00
1.153590668080616721e+00
1.153590668080608284e+00
1.153590668080609616e+00
1.153590668080612058e+00
1.153590668080622272e+00
1.153590668080623827e+00
1.153590668080619608e+00
1.153590668080621828e+00
1.153590668080624049e+00
1.153590668080625825e+00
1.153590668080625381e+00
1.153590668080625825e+00
1.153590668080635151e+00
1.153590668080636039e+00
1.153590668080624715e+00
1.153590668080628046e+00
1.153590668080626935e+00
1.153590668080631820e+00
1.153590668080628046e+00
1.153590668080630710e+00
1.153590668080632486e+00
1.153590668080610282e+00
1.153590668080598514e+00
1.153590668080601622e+00
1.153590668080590520e+00
1.153590668080596293e+00
1.153590668080594073e+00
1.153590668080593851e+00
1.153590668080584525e+00
1.153590668080584081e+00
1.153590668080584969e+00
1.153590668080585413e+00
1.153590668080580750e+00
1.153590668080582082e+00
1.153590668080604287e+00
1.153590668080600956e+00
1.153590668080593851e+00
1.153590668080589854e+00
1.153590668080595627e+00
1.153590668080590298e+00
1.153590668080618276e+00
1.153590668080612724e+00
1.153590668080637816e+00
1.153590668080634707e+00
1.153590668080622272e+00
1.153590668080623161e+00
1.153590668080638260e+00
1.153590668080641812e+00
1.153590668080646253e+00
1.153590668080643145e+00
1.153590668080637816e+00
1.153590668080638260e+00
1.153590668080637371e+00
1.153590668080637593e+00
1.153590668080636483e+00
1.153590668080640036e+00
1.153590668080637371e+00
1.153590668080640702e+00
1.153590668080631154e+00
1.153590668080635817e+00
1.153590668080624715e+00
1.153590668080614945e+00
1.153590668080618942e+00
1.153590668080621606e+00
1.153590668080610948e+00
1.153590668080615611e+00
1.153590668080588744e+00
1.153590668080591186e+00
1.153590668080585635e+00
1.153590668080587189e+00
1.153590668080582304e+00
1.153590668080582748e+00
1.153590668080583637e+00
1.153590668080581638e+00
1.153590668080587189e+00
1.153590668080585857e+00
1.153590668080588966e+00
1.153590668080587633e+00
1.153590668080600290e+00
1.153590668080595627e+00
1.153590668080626047e+00
1.153590668080619608e+00
1.153590668080638260e+00
1.153590668080638926e+00
1.153590668080652026e+00
1.153590668080650028e+00
1.153590668080654691e+00
1.153590668080658022e+00
1.153590668080654247e+00
1.153590668080654247e+00
1.153590668080654691e+00
1.153590668080654025e+00
1.153590668080658688e+00
1.153590668080658022e+00
1.153590668080654025e+00
1.153590668080654025e+00
1.153590668080657133e+00
1.153590668080657577e+00
1.153590668080649362e+00
1.153590668080650916e+00
1.153590668080636261e+00
