-2.147401908801751039e-03
-2.147401908801751039e-03
-2.040031813361662619e-03
-2.147401908801747569e-03
-2.040031813361659150e-03
-1.932661717921572465e-03
-2.147401908801743232e-03
-2.040031813361659584e-03
-1.932661717921569863e-03
-1.825291622481480143e-03
-2.147401908801739329e-03
-2.040031813361653946e-03
-1.932661717921569213e-03
-1.825291622481479492e-03
-1.717921527041388905e-03
-2.147401908801731957e-03
-2.040031813361652211e-03
-1.932661717921568996e-03
-1.825291622481479492e-03
-1.717921527041388471e-03
-1.610551431601299618e-03
-2.147401908801729355e-03
-2.040031813361647007e-03
-1.932661717921563141e-03
-1.825291622481477975e-03
-1.717921527041389772e-03
-1.610551431601297883e-03
-1.503181336161209247e-03
-2.147401908801722849e-03
-2.040031813361642670e-03
-1.932661717921559889e-03
-1.825291622481477107e-03
-1.717921527041388254e-03
-1.610551431601299401e-03
-1.503181336161206645e-03
-1.395811240721118009e-03
-2.147401908801723717e-03
-2.040031813361640935e-03
-1.932661717921557720e-03
-1.825291622481472337e-03
-1.717921527041386520e-03
-1.610551431601300269e-03
-1.503181336161208163e-03
-1.395811240721118876e-03
-1.288441145281028289e-03
-2.147401908801723717e-03
-2.040031813361638767e-03
-1.932661717921555335e-03
-1.825291622481468867e-03
-1.717921527041386086e-03
-1.610551431601296582e-03
-1.503181336161209898e-03
-1.395811240721120394e-03
-1.288441145281028072e-03
-1.181071049840937701e-03
-2.147401908801724150e-03
-2.040031813361639201e-03
-1.932661717921553600e-03
-1.825291622481471036e-03
-1.717921527041385218e-03
-1.610551431601298751e-03
-1.503181336161210982e-03
-1.395811240721122563e-03
-1.288441145281032842e-03
-1.181071049840939869e-03
-1.073700954400850149e-03
-2.147401908801729788e-03
-2.040031813361640068e-03
-1.932661717921555769e-03
-1.825291622481470168e-03
-1.717921527041384351e-03
-1.610551431601299184e-03
-1.503181336161212934e-03
-1.395811240721123864e-03
-1.288441145281033927e-03
-1.181071049840942038e-03
-1.073700954400851450e-03
-9.663308589607635729e-04
-2.147401908801727186e-03
-2.040031813361642670e-03
-1.932661717921556419e-03
-1.825291622481469301e-03
-1.717921527041384351e-03
-1.610551431601298317e-03
-1.503181336161212500e-03
-1.395811240721123430e-03
-1.288441145281036745e-03
-1.181071049840945941e-03
-1.073700954400853618e-03
-9.663308589607653076e-04
-8.589607635206798156e-04
-2.147401908801729355e-03
-2.040031813361645272e-03
-1.932661717921559021e-03
-1.825291622481470819e-03
-1.717921527041387821e-03
-1.610551431601299184e-03
-1.503181336161212500e-03
-1.395811240721125382e-03
-1.288441145281037396e-03
-1.181071049840950711e-03
-1.073700954400858389e-03
-9.663308589607675844e-04
-8.589607635206813335e-04
-7.515906680805964921e-04
-2.147401908801733691e-03
-2.040031813361644839e-03
-1.932661717921558371e-03
-1.825291622481473855e-03
-1.717921527041386086e-03
-1.610551431601298100e-03
-1.503181336161214451e-03
-1.395811240721127984e-03
-1.288441145281039781e-03
-1.181071049840950278e-03
-1.073700954400859907e-03
-9.663308589607708370e-04
-8.589607635206817672e-04
-7.515906680805975763e-04
-6.442205726405130601e-04
-2.147401908801734125e-03
-2.040031813361650476e-03
-1.932661717921564009e-03
-1.825291622481476674e-03
-1.717921527041388688e-03
-1.610551431601303304e-03
-1.503181336161215969e-03
-1.395811240721128851e-03
-1.288441145281041950e-03
-1.181071049840954398e-03
-1.073700954400863810e-03
-9.663308589607732223e-04
-8.589607635206849114e-04
-7.515906680805966005e-04
-6.442205726405133854e-04
-5.368504772004296282e-04
-2.147401908801741064e-03
-2.040031813361655247e-03
-1.932661717921566828e-03
-1.825291622481477107e-03
-1.717921527041392157e-03
-1.610551431601304172e-03
-1.503181336161216186e-03
-1.395811240721131670e-03
-1.288441145281044335e-03
-1.181071049840955265e-03
-1.073700954400866412e-03
-9.663308589607760412e-04
-8.589607635206864293e-04
-7.515906680805981184e-04
-6.442205726405136022e-04
-5.368504772004302787e-04
-4.294803817603462504e-04
-2.147401908801744100e-03
-2.040031813361657849e-03
-1.932661717921571598e-03
-1.825291622481482962e-03
-1.717921527041393675e-03
-1.610551431601307208e-03
-1.503181336161219222e-03
-1.395811240721132971e-03
-1.288441145281044985e-03
-1.181071049840958518e-03
-1.073700954400867496e-03
-9.663308589607791854e-04
-8.589607635206881640e-04
-7.515906680806002868e-04
-6.442205726405146864e-04
-5.368504772004300618e-04
-4.294803817603460336e-04
-3.221102863202618969e-04
-2.147401908801744100e-03
-2.040031813361659584e-03
-1.932661717921575501e-03
-1.825291622481487949e-03
-1.717921527041399530e-03
-1.610551431601310677e-03
-1.503181336161223125e-03
-1.395811240721135790e-03
-1.288441145281046720e-03
-1.181071049840961337e-03
-1.073700954400872700e-03
-9.663308589607808117e-04
-8.589607635206920671e-04
-7.515906680806022384e-04
-6.442205726405145780e-04
-5.368504772004304955e-04
-4.294803817603461420e-04
-3.221102863202623305e-04
-2.147401908801769199e-04
-2.147401908801743666e-03
-2.040031813361660451e-03
-1.932661717921576152e-03
-1.825291622481490334e-03
-1.717921527041404300e-03
-1.610551431601314363e-03
-1.503181336161227028e-03
-1.395811240721138609e-03
-1.288441145281051057e-03
-1.181071049840963071e-03
-1.073700954400874869e-03
-9.663308589607852569e-04
-8.589607635206948861e-04
-7.515906680806042984e-04
-6.442205726405160959e-04
-5.368504772004289776e-04
-4.294803817603441904e-04
-3.221102863202598369e-04
-2.147401908801760525e-04
-1.073700954400887852e-04
-2.147401908801743666e-03
-2.040031813361662186e-03
-1.932661717921575284e-03
-1.825291622481492069e-03
-1.717921527041406252e-03
-1.610551431601319351e-03
-1.503181336161230064e-03
-1.395811240721141428e-03
-1.288441145281054310e-03
-1.181071049840965240e-03
-1.073700954400877254e-03
-9.663308589607880758e-04
-8.589607635206979218e-04
-7.515906680806071173e-04
-6.442205726405179390e-04
-5.368504772004297366e-04
-4.294803817603432688e-04
-3.221102863202585358e-04
-2.147401908801746702e-04
-1.073700954400884600e-04
6.617444900424215380e-21
-2.040031813361658716e-03
-1.932661717921577453e-03
-1.825291622481492937e-03
-1.717921527041407553e-03
-1.610551431601321953e-03
-1.503181336161233317e-03
-1.395811240721145765e-03
-1.288441145281057128e-03
-1.181071049840968709e-03
-1.073700954400879639e-03
-9.663308589607911116e-04
-8.589607635207000902e-04
-7.515906680806085267e-04
-6.442205726405195653e-04
-5.368504772004316881e-04
-4.294803817603446241e-04
-3.221102863202582648e-04
-2.147401908801725560e-04
-1.073700954400874029e-04
5.293955920339380128e-21
-1.932661717921577019e-03
-1.825291622481492503e-03
-1.717921527041408204e-03
-1.610551431601322603e-03
-1.503181336161236135e-03
-1.395811240721148150e-03
-1.288441145281058429e-03
-1.181071049840970878e-03
-1.073700954400883542e-03
-9.663308589607930632e-04
-8.589607635207035597e-04
-7.515906680806116709e-04
-6.442205726405222758e-04
-5.368504772004328808e-04
-4.294803817603450578e-04
-3.221102863202586443e-04
-2.147401908801729084e-04
-1.073700954400866981e-04
3.257766832009136479e-20
-1.825291622481490985e-03
-1.717921527041407553e-03
-1.610551431601324555e-03
-1.503181336161235702e-03
-1.395811240721150318e-03
-1.288441145281061465e-03
-1.181071049840972612e-03
-1.073700954400884843e-03
-9.663308589607951232e-04
-8.589607635207063786e-04
-7.515906680806154656e-04
-6.442205726405243358e-04
-5.368504772004349408e-04
-4.294803817603465757e-04
-3.221102863202583190e-04
-2.147401908801724476e-04
-1.073700954400861289e-04
-1.588186776101814039e-20
-1.717921527041407770e-03
-1.610551431601321519e-03
-1.503181336161236135e-03
-1.395811240721151619e-03
-1.288441145281063634e-03
-1.181071049840974347e-03
-1.073700954400885711e-03
-9.663308589607974000e-04
-8.589607635207080049e-04
-7.515906680806177425e-04
-6.442205726405274800e-04
-5.368504772004365671e-04
-4.294803817603465757e-04
-3.221102863202588611e-04
-2.147401908801724747e-04
-1.073700954400861018e-04
-2.558745361497365206e-20
-1.610551431601321085e-03
-1.503181336161234401e-03
-1.395811240721150535e-03
-1.288441145281064067e-03
-1.181071049840976299e-03
-1.073700954400886145e-03
-9.663308589607993515e-04
-8.589607635207097396e-04
-7.515906680806198024e-04
-6.442205726405287811e-04
-5.368504772004387355e-04
-4.294803817603485814e-04
-3.221102863202595116e-04
-2.147401908801721765e-04
-1.073700954400862644e-04
-5.293955920339372605e-21
-1.503181336161235268e-03
-1.395811240721150535e-03
-1.288441145281062983e-03
-1.181071049840976082e-03
-1.073700954400887446e-03
-9.663308589607985926e-04
-8.589607635207096312e-04
-7.515906680806211035e-04
-6.442205726405311663e-04
-5.368504772004412291e-04
-4.294803817603503162e-04
-3.221102863202608669e-04
-2.147401908801725831e-04
-1.073700954400856004e-04
6.876952543578138784e-22
-1.395811240721149451e-03
-1.288441145281062983e-03
-1.181071049840976732e-03
-1.073700954400887229e-03
-9.663308589607997852e-04
-8.589607635207099565e-04
-7.515906680806215372e-04
-6.442205726405319252e-04
-5.368504772004410123e-04
-4.294803817603518340e-04
-3.221102863202623848e-04
-2.147401908801733149e-04
-1.073700954400860883e-04
2.763756399588939242e-20
-1.288441145281062333e-03
-1.181071049840974781e-03
-1.073700954400887879e-03
-9.663308589607987010e-04
-8.589607635207110407e-04
-7.515906680806220793e-04
-6.442205726405326842e-04
-5.368504772004435059e-04
-4.294803817603532435e-04
-3.221102863202635232e-04
-2.147401908801746431e-04
-1.073700954400871047e-04
4.474435883446226283e-20
-1.181071049840974564e-03
-1.073700954400887012e-03
-9.663308589607997852e-04
-8.589607635207111491e-04
-7.515906680806221877e-04
-6.442205726405336600e-04
-5.368504772004440481e-04
-4.294803817603544361e-04
-3.221102863202644990e-04
-2.147401908801756460e-04
-1.073700954400875384e-04
1.740746669155294091e-20
-1.073700954400886578e-03
-9.663308589607987010e-04
-8.589607635207101733e-04
-7.515906680806222961e-04
-6.442205726405335516e-04
-5.368504772004439396e-04
-4.294803817603550324e-04
-3.221102863202657458e-04
-2.147401908801762152e-04
-1.073700954400878907e-04
1.910525949215399618e-20
-9.663308589607989179e-04
-8.589607635207104986e-04
-7.515906680806213203e-04
-6.442205726405331179e-04
-5.368504772004442649e-04
-4.294803817603554661e-04
-3.221102863202660710e-04
-2.147401908801771096e-04
-1.073700954400879585e-04
1.242338513522104070e-20
-8.589607635207101733e-04
-7.515906680806216456e-04
-6.442205726405330094e-04
-5.368504772004445902e-04
-4.294803817603554661e-04
-3.221102863202665047e-04
-2.147401908801775433e-04
-1.073700954400886361e-04
-2.626298444855861363e-20
-7.515906680806219708e-04
-6.442205726405325758e-04
-5.368504772004441565e-04
-4.294803817603553035e-04
-3.221102863202667216e-04
-2.147401908801777060e-04
-1.073700954400888665e-04
-1.240770918829541324e-21
-6.442205726405327926e-04
-5.368504772004438312e-04
-4.294803817603553035e-04
-3.221102863202665047e-04
-2.147401908801773807e-04
-1.073700954400889072e-04
2.183756817139992761e-20
-5.368504772004438312e-04
-4.294803817603550324e-04
-3.221102863202662879e-04
-2.147401908801774349e-04
-1.073700954400886090e-04
2.779326858178173589e-20
-4.294803817603545446e-04
-3.221102863202657458e-04
-2.147401908801774620e-04
-1.073700954400887039e-04
1.102907483404037966e-21
-3.221102863202654747e-04
-2.147401908801772181e-04
-1.073700954400886768e-04
-6.617444900424221399e-21
-2.147401908801769470e-04
-1.073700954400885142e-04
9.138796808028819259e-21
-1.073700954400884193e-04
-1.588186776101813136e-20
7.052966104933718366e-36
