5.000000000000001839e-03
4.749999999999989474e-03
5.000000000000003574e-03
4.499999999999985782e-03
4.749999999999987739e-03
4.999999999999996635e-03
4.249999999999976019e-03
4.499999999999976241e-03
4.749999999999988606e-03
5.000000000000002706e-03
3.999999999999968858e-03
4.249999999999973417e-03
4.499999999999973639e-03
4.749999999999985137e-03
4.999999999999998369e-03
3.749999999999965600e-03
3.999999999999966256e-03
4.249999999999967346e-03
4.499999999999979711e-03
4.749999999999985137e-03
5.000000000000000971e-03
3.499999999999962343e-03
3.749999999999965167e-03
3.999999999999961052e-03
4.249999999999969948e-03
4.499999999999976241e-03
4.749999999999986872e-03
5.000000000000000971e-03
3.249999999999965156e-03
3.499999999999959307e-03
3.749999999999956927e-03
3.999999999999965389e-03
4.249999999999965611e-03
4.499999999999974507e-03
4.749999999999987739e-03
4.999999999999997502e-03
2.999999999999959730e-03
3.249999999999958217e-03
3.499999999999958873e-03
3.749999999999956059e-03
3.999999999999961919e-03
4.249999999999970815e-03
4.499999999999977976e-03
4.749999999999989474e-03
4.999999999999999237e-03
2.749999999999959942e-03
2.999999999999959730e-03
3.249999999999956049e-03
3.499999999999957138e-03
3.749999999999958228e-03
3.999999999999961919e-03
4.249999999999969948e-03
4.499999999999972772e-03
4.749999999999987739e-03
4.999999999999999237e-03
2.499999999999961021e-03
2.749999999999962544e-03
2.999999999999957128e-03
3.249999999999958217e-03
3.499999999999955837e-03
3.749999999999956493e-03
3.999999999999965389e-03
4.249999999999971682e-03
4.499999999999983180e-03
4.749999999999993811e-03
4.999999999999998369e-03
2.249999999999966003e-03
2.499999999999964057e-03
2.749999999999959942e-03
2.999999999999958863e-03
3.249999999999955182e-03
3.499999999999957138e-03
3.749999999999962131e-03
3.999999999999964521e-03
4.249999999999973417e-03
4.499999999999979711e-03
4.749999999999994678e-03
5.000000000000000104e-03
1.999999999999967516e-03
2.249999999999964702e-03
2.499999999999964057e-03
2.749999999999960809e-03
2.999999999999958429e-03
3.249999999999954748e-03
3.499999999999960174e-03
3.749999999999965167e-03
3.999999999999972328e-03
4.249999999999976019e-03
4.499999999999990119e-03
4.749999999999999015e-03
5.000000000000000104e-03
1.749999999999970329e-03
1.999999999999969250e-03
2.249999999999968171e-03
2.499999999999964057e-03
2.749999999999958641e-03
2.999999999999957562e-03
3.249999999999960386e-03
3.499999999999960174e-03
3.749999999999965600e-03
3.999999999999974062e-03
4.249999999999976887e-03
4.500000000000003129e-03
4.750000000000002484e-03
4.999999999999999237e-03
1.499999999999973143e-03
1.749999999999974016e-03
1.999999999999970118e-03
2.249999999999968171e-03
2.499999999999964490e-03
2.749999999999963411e-03
2.999999999999961465e-03
3.249999999999959952e-03
3.499999999999966246e-03
3.749999999999967335e-03
3.999999999999981869e-03
4.249999999999998571e-03
4.500000000000002262e-03
4.750000000000003351e-03
4.999999999999998369e-03
1.249999999999978125e-03
1.499999999999977914e-03
1.749999999999973365e-03
1.999999999999971852e-03
2.249999999999969472e-03
2.499999999999966225e-03
2.749999999999963845e-03
2.999999999999963633e-03
3.249999999999964289e-03
3.499999999999971450e-03
3.749999999999977743e-03
3.999999999999994012e-03
4.250000000000004642e-03
4.499999999999997925e-03
4.750000000000002484e-03
4.999999999999998369e-03
9.999999999999835409e-04
1.249999999999981378e-03
1.499999999999978781e-03
1.749999999999977051e-03
1.999999999999974454e-03
2.249999999999969472e-03
2.499999999999969694e-03
2.749999999999965146e-03
2.999999999999967970e-03
3.249999999999970361e-03
3.499999999999977521e-03
3.749999999999989453e-03
4.000000000000002685e-03
4.250000000000002040e-03
4.500000000000003997e-03
4.750000000000003351e-03
4.999999999999999237e-03
7.499999999999886315e-04
9.999999999999857093e-04
1.249999999999984847e-03
1.499999999999982467e-03
1.749999999999977919e-03
1.999999999999975756e-03
2.249999999999975544e-03
2.499999999999970128e-03
2.749999999999970350e-03
2.999999999999967536e-03
3.249999999999978167e-03
3.499999999999989665e-03
3.749999999999996392e-03
4.000000000000000083e-03
4.250000000000009846e-03
4.500000000000006599e-03
4.750000000000003351e-03
4.999999999999996635e-03
4.999999999999929631e-04
7.499999999999911252e-04
9.999999999999880946e-04
1.249999999999986365e-03
1.499999999999984202e-03
1.749999999999980087e-03
1.999999999999977490e-03
2.249999999999975544e-03
2.499999999999973598e-03
2.749999999999973820e-03
2.999999999999978812e-03
3.249999999999989876e-03
3.499999999999994435e-03
3.750000000000001596e-03
4.000000000000004420e-03
4.250000000000006377e-03
4.500000000000003129e-03
4.750000000000001617e-03
5.000000000000000104e-03
2.499999999999966442e-04
4.999999999999938305e-04
7.499999999999925346e-04
9.999999999999902630e-04
1.249999999999987016e-03
1.499999999999985069e-03
1.749999999999982906e-03
1.999999999999980960e-03
2.249999999999981182e-03
2.499999999999978802e-03
2.749999999999980325e-03
2.999999999999992690e-03
3.249999999999996381e-03
3.500000000000000507e-03
3.750000000000005065e-03
4.000000000000007022e-03
4.249999999999998571e-03
4.499999999999998793e-03
4.749999999999998147e-03
4.999999999999997502e-03
-7.940933880509059660e-20
2.499999999999974573e-04
4.999999999999948062e-04
7.499999999999928599e-04
9.999999999999915640e-04
1.249999999999988750e-03
1.499999999999986804e-03
1.749999999999985291e-03
1.999999999999983128e-03
2.249999999999982483e-03
2.499999999999984006e-03
2.749999999999992034e-03
2.999999999999992256e-03
3.250000000000002453e-03
3.500000000000003542e-03
3.750000000000004632e-03
3.999999999999997481e-03
4.249999999999999438e-03
4.499999999999992721e-03
4.749999999999998147e-03
4.999999999999998369e-03
-1.058791184067875544e-19
2.499999999999978910e-04
4.999999999999957820e-04
7.499999999999938357e-04
9.999999999999926482e-04
1.249999999999990702e-03
1.499999999999989189e-03
1.749999999999988327e-03
1.999999999999987899e-03
2.249999999999989422e-03
2.499999999999992679e-03
2.749999999999995504e-03
3.000000000000002231e-03
3.250000000000003754e-03
3.500000000000007012e-03
3.750000000000000729e-03
3.999999999999995746e-03
4.249999999999991632e-03
4.499999999999992721e-03
4.749999999999992943e-03
-5.955700410381795648e-20
2.499999999999981079e-04
4.999999999999962157e-04
7.499999999999949199e-04
9.999999999999945998e-04
1.249999999999991136e-03
1.499999999999989623e-03
1.749999999999989628e-03
1.999999999999990501e-03
2.249999999999994192e-03
2.499999999999995715e-03
2.749999999999998539e-03
3.000000000000007001e-03
3.250000000000007657e-03
3.500000000000001374e-03
3.749999999999999428e-03
3.999999999999993144e-03
4.249999999999989030e-03
4.499999999999988384e-03
-3.781397085956579184e-22
2.499999999999982163e-04
4.999999999999972999e-04
7.499999999999945946e-04
9.999999999999945998e-04
1.249999999999994388e-03
1.499999999999993309e-03
1.749999999999993098e-03
1.999999999999994404e-03
2.249999999999995927e-03
2.499999999999999618e-03
2.750000000000004177e-03
3.000000000000005700e-03
3.250000000000002887e-03
3.499999999999997471e-03
3.749999999999993790e-03
3.999999999999987073e-03
4.249999999999988162e-03
-8.470329472542998576e-20
2.499999999999988668e-04
4.999999999999976252e-04
7.499999999999962209e-04
9.999999999999950335e-04
1.249999999999994822e-03
1.499999999999993960e-03
1.749999999999998302e-03
1.999999999999997873e-03
2.249999999999997662e-03
2.500000000000002654e-03
2.750000000000005045e-03
3.000000000000003098e-03
3.250000000000001586e-03
3.499999999999988363e-03
3.749999999999986417e-03
3.999999999999987940e-03
-8.205631676526023701e-20
2.499999999999988668e-04
4.999999999999970831e-04
7.499999999999971967e-04
9.999999999999963345e-04
1.249999999999996557e-03
1.499999999999998730e-03
1.749999999999997434e-03
1.999999999999999608e-03
2.250000000000002432e-03
2.500000000000002654e-03
2.750000000000003310e-03
2.999999999999997027e-03
3.249999999999994647e-03
3.499999999999986629e-03
3.749999999999986417e-03
0.000000000000000000e+00
2.499999999999989752e-04
4.999999999999979504e-04
7.499999999999967630e-04
9.999999999999974187e-04
1.249999999999998291e-03
1.499999999999998080e-03
1.750000000000000253e-03
2.000000000000001343e-03
2.250000000000003299e-03
2.500000000000001353e-03
2.749999999999999407e-03
2.999999999999995292e-03
3.249999999999987274e-03
3.499999999999985328e-03
1.323488980084843527e-20
2.499999999999990294e-04
4.999999999999982757e-04
7.499999999999976304e-04
9.999999999999978524e-04
1.249999999999999809e-03
1.500000000000000248e-03
1.750000000000001554e-03
2.000000000000003945e-03
2.249999999999997228e-03
2.500000000000001787e-03
2.749999999999999407e-03
2.999999999999989220e-03
3.249999999999986840e-03
-3.176373552203626873e-20
2.499999999999995173e-04
4.999999999999984925e-04
7.499999999999992567e-04
9.999999999999995871e-04
1.249999999999998942e-03
1.500000000000001332e-03
1.750000000000001554e-03
2.000000000000001343e-03
2.249999999999998529e-03
2.499999999999997016e-03
2.749999999999991600e-03
2.999999999999992690e-03
-9.392635855539624433e-20
2.499999999999994089e-04
4.999999999999991430e-04
7.499999999999994735e-04
1.000000000000000238e-03
1.250000000000001978e-03
1.500000000000002416e-03
1.750000000000000470e-03
1.999999999999999174e-03
2.249999999999998963e-03
2.499999999999995715e-03
2.749999999999993769e-03
-7.411538288475123152e-20
2.499999999999996799e-04
4.999999999999999020e-04
7.500000000000001240e-04
1.000000000000001322e-03
1.250000000000000893e-03
1.499999999999999381e-03
1.749999999999999169e-03
2.000000000000000042e-03
2.249999999999996794e-03
2.499999999999994414e-03
-1.058791184067875273e-20
2.499999999999996257e-04
4.999999999999993599e-04
7.500000000000006661e-04
1.000000000000000238e-03
1.250000000000001327e-03
1.499999999999999381e-03
1.750000000000000253e-03
1.999999999999998307e-03
2.249999999999995060e-03
2.117582368135749042e-20
2.500000000000002220e-04
5.000000000000005525e-04
7.500000000000007746e-04
1.000000000000000888e-03
1.249999999999999809e-03
1.500000000000000248e-03
1.749999999999996784e-03
1.999999999999995271e-03
-1.116693826946586759e-20
2.500000000000002763e-04
5.000000000000004441e-04
7.500000000000004493e-04
1.000000000000000238e-03
1.250000000000000243e-03
1.499999999999998947e-03
1.749999999999996567e-03
0.000000000000000000e+00
2.500000000000002763e-04
5.000000000000005525e-04
7.500000000000003409e-04
9.999999999999995871e-04
1.249999999999998508e-03
1.499999999999996779e-03
-5.317952642239298127e-20
2.500000000000004389e-04
5.000000000000000104e-04
7.499999999999993651e-04
9.999999999999982861e-04
1.249999999999997424e-03
-4.235164736271499288e-20
2.500000000000000594e-04
4.999999999999999020e-04
7.499999999999986061e-04
9.999999999999978524e-04
7.940933880509062669e-21
2.499999999999996257e-04
4.999999999999991430e-04
7.499999999999984977e-04
3.039545153031775533e-20
2.499999999999996799e-04
4.999999999999992515e-04
-3.244031472372357464e-20
2.499999999999995715e-04
4.764560328305434592e-20
